reviewId,cbid,ccid,guid,userId,nickName,avatar,segmentId,content,status,createTime,createTimestamp,updateTime,quoteReviewId,quoteContent,quoteGuid,quoteUserId,quoteNickName,type,likeCount,dislikeCount,userLike,userDislike,isSelf,essenceStatus,riseStatus,level,imagePre,imageDetail,rootReviewId,rootReviewReplyCount,ipAddress
630361893198036992,4475087004578503,13520171919794215,120147253866,342744708,书友20200206160331454,https://qidian.gtimg.com/qd/images/ico/default_user.0.2.png,-1,我先建一条铁路轨道先，你等着，我去，去就来,1,2021-07-08 11:49:23,1625716163,2022-09-22 15:09:09,0,,0,0,,2,1,0,False,False,False,False,False,8,,,630361893198036992,0,广东
346754235515404288,4475087004578503,13520171919794215,854007085917,312886339,圆润滚滚,https://qidian.qpic.cn/qd_face/349573/11811582/100,-1,鲜橙多,1,2019-05-17 21:13:48,1558098828,2020-09-18 19:04:27,0,,0,0,,2,4,0,False,False,False,False,False,7,,,346754235515404288,0,四川
333421176754012160,4475087004578503,13520171919794215,854008315525,321861751,龙灯耀八方,https://qidian.qpic.cn/qd_face/349573/6137835/100,-1,前排留名,1,2019-04-11 02:12:59,1554919979,2021-01-10 21:32:37,0,,0,0,,2,3,0,False,False,False,False,False,6,,,333421176754012160,0,四川
314497990041796608,4475087004578503,13520171919794215,854007131038,313017726,惘事如昨,https://qidian.qpic.cn/qd_face/349573/7133148/100,-1,你就在此地，不要走动,1,2019-02-17 20:59:00,1550408340,2021-07-08 11:49:04,0,,0,0,,2,13,0,False,False,False,False,False,5,,,314497990041796608,0,北京
303103386415398912,4475087004578503,13520171919794215,916221680,218694578,伊丶酱,https://qidian.qpic.cn/qd_face/349573/3255471/100,-1,我去给你们把火车开过来,1,2019-01-17 10:20:55,1547691655,2021-07-08 11:49:03,0,,0,0,,2,15,0,False,False,False,False,False,4,,,303103386415398912,0,江苏
277873849104859136,4475087004578503,13520171919794215,1013263523,229537995,是胡非霍,https://qidian.qpic.cn/qd_face/349573/9735099/100,-1,我去给你买橘子。。，,1,2018-11-08 19:27:44,1541676464,2021-07-08 11:49:02,0,,0,0,,2,11,0,False,False,False,False,False,3,,,277873849104859136,0,广东
245661258731356160,4475087004578503,13520171919794215,2402992066,212202747,鹤禁,https://qidian.qpic.cn/qd_face/349573/5469614/100,-1,作者∶朱自清,1,2018-08-11 22:06:24,1533996384,2023-09-07 16:20:53,0,,0,0,,2,16,0,False,False,False,False,False,2,,,245661258731356160,0,河南
245049525641936896,4475087004578503,13520171919794215,800000061689,61689,元素召唤师,https://qidian.qpic.cn/qd_face/349573/516432/100,-1,橘子！,1,2018-08-10 05:35:35,1533850535,2022-11-06 15:30:34,0,,0,0,,2,12,0,False,False,False,False,False,1,,,245049525641936896,0,北京
333421239014195200,4475087004578503,13520171919794215,854008315525,321861751,龙灯耀八方,https://qidian.qpic.cn/qd_face/349573/6137835/100,1,前排出售瓜子花生肥宅快乐水,1,2019-04-11 02:13:14,1554919994,2023-02-19 00:24:03,0,,0,0,,2,6,0,False,False,False,False,False,7,,,333421239014195200,0,四川
225098505889447936,4475087004578503,13520171919794215,800201015362,201015362,黯殇邪鼠,https://qidian.qpic.cn/qd_face/349573/1146855/100,1,还吃什么橘子，留着煲汤吧,1,2018-06-16 04:17:22,1529093842,2022-11-16 11:16:42,0,,0,0,,2,10,0,False,False,False,False,False,6,,,225098505889447936,0,重庆
173283800707694592,4475087004578503,13520171919794215,2507667252,221668556,颈膜,https://qidian.qpic.cn/qd_face/349573/226/100,1,我去买个橘子，你就在此地不要动,1,2018-01-24 04:44:13,1516740253,2024-05-02 11:54:44,0,,0,0,,2,31,0,False,False,False,False,False,1,,,173283800707694592,4,广西壮族自治区
510836969199173632,4475087004578503,13520171919794215,2712446187,216873511,读者20210209204624604524249,https://qidian.qpic.cn/qd_face/349573/3105303/100,2,当然是我的首领模板和挑战等级了[fn=48],1,2020-08-12 16:00:00,1597219200,2024-05-30 18:10:44,0,,0,0,,2,48,0,False,False,False,False,False,3,,,510836969199173632,0,江苏
402895167524372480,4475087004578503,13520171919794215,800212276235,212276235,丽江的小汪,https://qidian.qpic.cn/qd_face/349573/6511555/100,2,乔大爷:别跟我说话，就一黄金级看给你怂的(　｀皿´),1,2019-10-19 19:17:49,1571483869,2024-05-30 18:10:44,0,,0,0,,2,23,0,False,False,False,False,False,2,,,402895167524372480,0,未知
432962313583198208,4475087004578503,13520171919794215,1964891202,210998595,奶奶家的肥猫,https://qidian.qpic.cn/qd_face/349573/122/100,3,这个方法就是递归,1,2020-01-10 18:33:55,1578652435,2023-01-20 19:08:36,0,,0,0,,2,7,0,False,False,False,False,False,1,,,432962313583198208,0,未知
959803934485774336,4475087004578503,13520171919794215,800181369015,181369015,698635.qdcn,https://qidian.qpic.cn/qd_face/349573/8566124/100,5,大愚若智，大智若愚,1,01-03 13:54:26,1704261266,2024-05-12 14:40:48,0,,0,0,,2,4,0,False,False,False,False,False,18,,,959803934485774336,0,山西
532532415009193984,4475087004578503,13520171919794215,867638090,219394873,枫林白首,https://qidian.qpic.cn/qd_face/349573/5679499/100,5,我喜欢发育，但是对面一直不让我发育，所以我就把对面五个都杀了[fn=32],1,2020-10-11 12:49:57,1602391797,2024-05-30 18:10:48,0,,0,0,,2,95,0,False,False,False,False,False,17,,,532532415009193984,0,江苏
426773398421569536,4475087004578503,13520171919794215,1106755619,211650770,戾风丶moc,https://qidian.qpic.cn/qd_face/349573/122/100,5,绝对的实力面前，一切阴谋计策都是虚妄。简言之，能莽能平推，干嘛要绕后背刺。,1,2019-12-24 16:41:23,1577176883,2024-05-30 18:10:48,0,,0,0,,2,74,0,False,False,False,False,False,16,,,426773398421569536,0,未知
408203013585567744,4475087004578503,13520171919794215,800218174300,218174300,太二的烦恼,https://qidian.qpic.cn/qd_face/349573/2838190/100,5,把对面人都傻了，就没人干扰我大哥补刀了,1,2019-11-03 10:49:18,1572749358,2024-01-01 14:33:10,0,,0,0,,2,47,0,False,False,False,False,False,15,,,408203013585567744,0,未知
307998410022191104,4475087004578503,13520171919794215,303209193,326857810,墨翎_王皓天,https://qidian.qpic.cn/qd_face/349573/349573/100,5,暴力不能解决问题，但是可以解决问题的源头,1,2019-01-30 22:31:59,1548858719,2024-01-01 14:33:11,0,,0,0,,2,56,0,False,False,False,False,False,13,,,307998410022191104,0,辽宁
251664336253222912,4475087004578503,13520171919794215,800120734312,120734312,超高校級現充,https://qidian.qpic.cn/qd_face/349573/5108324/100,5,dota没关键装备不可能赢？等级再高技能再强，没bkb团战照样1秒蒸发，紫苑羊刀一套，必死（万力屠夫除外）,1,2018-08-28 11:40:29,1535427629,2024-01-01 14:33:11,0,,0,0,,2,24,0,False,False,False,False,False,10,,,251664336253222912,0,安徽
232436213934522368,4475087004578503,13520171919794215,116902408526,213483467,大唐帝国战将叁,https://qidian.qpic.cn/qd_face/349573/5104629/100,5,美国打阿富汗需要什么阴谋诡计嘛？干就完了,1,2018-07-06 10:14:48,1530843288,2024-01-01 14:33:11,0,,0,0,,2,20,0,False,False,False,False,False,9,,,232436213934522368,1,江苏
146606493133897728,4475087004578503,13520171919794215,800212128254,212128254,JasonDeng,https://qidian.qpic.cn/qd_face/349573/120/100,5,当时我就A过去了,1,2017-11-11 13:58:08,1510379888,2024-05-30 18:10:49,0,,0,0,,2,138,0,False,False,False,False,False,2,,,146606493133897728,0,上海
124822841286852608,4475087004578503,13520171919794215,764002183,102107865,天天·蓝天,https://qidian.qpic.cn/qd_face/349573/318461/100,5,己方10级六神装，对方12级没装备，那还说什么平A怼死他啊,1,2017-09-12 11:17:40,1505186260,2024-06-04 08:32:57,0,,0,0,,2,279,0,False,False,False,False,False,1,,,124822841286852608,6,
979524958831968257,4475087004578503,13520171919794215,855093318758,440574298,书友20240217014535419,https://qidian.gtimg.com/qd/images/ico/default_user.0.2.png,6,高武世界战斗逻辑：一切行为以消灭敌方顶层战力为目的，计谋都是为了削弱敌方顶层战力。,1,02-26 23:58:45,1708963125,2024-03-04 23:58:45,0,,0,0,,2,0,0,False,False,False,False,False,10,,,979524958831968257,0,北京
886188239211069440,4475087004578503,13520171919794215,120117712885,357769483,方程不可改写,https://qidian.qpic.cn/qd_face/349573/8400792/100,6,我踏🐴莎莎莎莎，遇到什么兽潮，什么混沌邪神都莎莎莎，跑到战场里就踏🐴莎莎莎.jpg,1,2023-06-14 10:31:57,1686709917,2024-04-23 12:40:26,0,,0,0,,2,15,0,False,False,False,False,False,9,,,886188239211069440,0,广东
845654461518774272,4475087004578503,13520171919794215,800157323909,157323909,ogoodcn,https://qidian.qpic.cn/qd_face/349573/1/100,6,是我想复杂了，无论什么问题都可以一刀解决，不行就两刀,1,2023-02-22 14:05:11,1677045911,2024-01-11 10:37:22,0,,0,0,,2,4,0,False,False,False,False,False,8,,,845654461518774272,0,上海
774293899899371520,4475087004578503,13520171919794215,1297053143,329139541,还是做咸鱼好了,https://qidian.gtimg.com/qd/images/ico/default_user.0.2.png,6,一条路直奔最终目标的直线思维，省略中间的一切步骤，直接快进到打死敌人,1,2022-08-09 16:03:47,1660032227,2024-01-11 10:37:23,0,,0,0,,2,12,0,False,False,False,False,False,7,,,774293899899371520,0,广东
459446529552482304,4475087004578503,13520171919794215,800137272776,137272776,坑爹无极,https://qidian.qpic.cn/qd_face/349573/102/100,6,带歪了,1,2020-03-23 20:32:45,1584966765,2024-04-01 13:53:00,0,,0,0,,2,18,0,False,False,False,False,False,5,,,459446529552482304,0,未知
366931981445038080,4475087004578503,13520171919794215,119090054626,118703494,通其道,https://qidian.qpic.cn/qd_face/349573/3021638/100,6,无语凝噎……,1,2019-07-12 13:32:57,1562909577,2024-01-01 14:33:52,0,,0,0,,2,6,0,False,False,False,False,False,3,,,366931981445038080,0,江苏
300037836495847424,4475087004578503,13520171919794215,850001020786,223290431,席卷陈来,https://qidian.qpic.cn/qd_face/349573/7040713/100,6,猪脚这是，虽然我没点智力，但以我的逻辑方式，可以把友军智力拉低到与我一样的程度。,1,2019-01-08 23:19:30,1546960770,2024-05-30 18:11:01,0,,0,0,,2,86,1,False,False,False,False,False,2,,,300037836495847424,0,广东
884033243988164608,4475087004578503,13520171919794215,1312286775,352771792,书友20200806171458341,https://qidian.gtimg.com/qd/images/ico/default_user.0.2.png,7,你想多了，他只想刷经验而已,1,2023-06-08 11:48:46,1686196126,2024-02-16 10:48:11,0,,0,0,,2,3,0,False,False,False,False,False,17,,,884033243988164608,0,广东
613068694972727296,4475087004578503,13520171919794215,119090037356,1142821,风★天空,https://qidian.qpic.cn/qd_face/349573/4286504/100,7,圣光啊，那个邪恶看起来值得一战,1,2021-05-21 18:32:23,1621593143,2024-05-10 18:04:32,0,,0,0,,2,33,0,False,False,False,False,False,14,,,613068694972727296,0,北京
321832798023516160,4475087004578503,13520171919794215,119102939967,326674218,贪睡的大狗,https://qidian.qpic.cn/qd_face/349573/7572779/100,7,嗯，有道理。勇者无敌,1,2019-03-10 02:44:54,1552157094,2024-01-01 14:34:04,0,,0,0,,2,32,0,False,False,False,False,False,12,,,321832798023516160,0,辽宁
256682787523002368,4475087004578503,13520171919794215,540677590,209812377,带着镣铐舞蹈,https://qidian.qpic.cn/qd_face/349573/5126015/100,7,收获迷弟一枚,1,2018-09-11 08:02:01,1536624121,2024-01-01 14:34:05,0,,0,0,,2,16,0,False,False,False,False,False,10,,,256682787523002368,0,湖北
166185019809792000,4475087004578503,13520171919794215,851001417191,224460573,苏雍散人,https://qidian.qpic.cn/qd_face/349573/5394988/100,7,乔修亚：不不不，你想多了，老子就是想打架,1,2018-01-04 14:36:12,1515047772,2024-01-01 14:34:08,0,,0,0,,2,23,0,False,False,False,False,False,4,,,166185019809792000,0,江苏
129544222947803136,4475087004578503,13520171919794215,119190042654,4310454,小偶,https://qidian.qpic.cn/qd_face/349573/349867/100,7,想到了40星际战士团对混沌四神的态度,1,2017-09-25 11:58:45,1506311925,2024-01-01 14:34:06,0,,0,0,,2,105,0,False,False,False,False,False,1,,,129544222947803136,5,
817526282836967424,4475087004578503,13520171919794215,854015450095,342246225,（-。-）！？,https://qidian.gtimg.com/qd/images/ico/default_user.0.2.png,-10,这次推荐的新书都断三年了…,1,2022-12-06 23:13:51,1670339631,2024-04-16 12:12:16,0,,0,0,,2,4,0,False,False,False,False,False,3,,,817526282836967424,0,河南
799753975997005824,4475087004578503,13520171919794215,3511598052,354102500,利6马甲,https://qidian.qpic.cn/qd_face/349573/8618534/100,-10,推荐的上一本书已经断更两三年了。,1,2022-10-18 22:13:02,1666102382,2022-12-29 16:20:40,0,,0,0,,2,3,0,False,False,False,False,False,2,,,799753975997005824,0,贵州
416319485411196928,4475087004578503,13520171919794215,1124224334,219323940,墨丶聿,https://qidian.qpic.cn/qd_face/349573/8495561/100,-10,准备奶死的节奏,1,2019-11-25 20:21:16,1574684476,2022-12-29 16:20:40,0,,0,0,,2,5,0,False,False,False,False,False,1,,,416319485411196928,0,未知
90720340115783680,4475087004578503,13520171919794215,2933483661,219703322,名扬爱萝莉,https://qidian.qpic.cn/qd_face/349573/4004562/100,9,吉娃娃终极进化～二哈！,1,2017-06-10 08:46:30,1497055590,2024-05-30 18:11:09,0,,0,0,,2,411,1,False,False,False,True,False,3,,,90720340115783680,0,未知
85285902154399744,4475087004578503,13520171919794215,1430181741,210123727,秣陵c,https://qidian.qpic.cn/qd_face/349573/5047186/100,9,这个世界也有吉娃娃吗。。,1,2017-05-26 08:51:59,1495759919,2024-05-30 18:11:09,0,,0,0,,2,293,0,False,False,False,True,False,1,,,85285902154399744,0,未知
465049946337574912,4475087004578503,13520171919794215,120005405985,311853566,卡祖笛交响乐团总指挥,https://qidian.qpic.cn/qd_face/349573/5716931/100,9,有一说一，就吉娃娃那攻击性，要是像狼一样大就没法养了,1,2020-04-08 07:38:43,1586302723,2024-05-24 10:12:46,0,,0,0,,2,47,0,False,False,False,False,False,21,,,465049946337574912,1,未知
426773852014706689,4475087004578503,13520171919794215,1106755619,211650770,戾风丶moc,https://qidian.qpic.cn/qd_face/349573/122/100,9,只犬生只狼.jpg,1,2019-12-24 16:43:11,1577176991,2022-11-16 11:17:14,0,,0,0,,2,4,0,False,False,False,False,False,18,,,426773852014706689,0,未知
416879367809990656,4475087004578503,13520171919794215,119192159745,224034037,读者1247506733639061504,https://qidian.qpic.cn/qd_face/349573/3515327/100,9,不是泰迪。？,1,2019-11-27 09:26:02,1574817962,2023-10-09 19:59:46,0,,0,0,,2,4,0,False,False,False,False,False,17,,,416879367809990656,0,未知
368831328864567296,4475087004578503,13520171919794215,2253614802,305227416,面对極風吧,https://qidian.qpic.cn/qd_face/349573/7911852/100,9,别小看我吉娃娃，凶的一批好吧,1,2019-07-17 19:20:17,1563362417,2024-05-03 16:20:12,0,,0,0,,2,12,0,False,False,False,False,False,15,,,368831328864567296,1,未知
350734544623697920,4475087004578503,13520171919794215,120008033722,320139510,晦涩妖姬,https://qidian.qpic.cn/qd_face/349573/6063313/100,9,作者君说要有推荐票月票收藏三连，于是我就把它们斯拉,1,2019-05-28 20:50:08,1559047808,2021-09-21 00:31:28,0,,0,0,,2,3,0,False,False,False,False,False,14,,,350734544623697920,0,山西
348595579917500416,4475087004578503,13520171919794215,120071831624,329380680,树油真人,https://qidian.qpic.cn/qd_face/349573/6605170/100,9,作者大喊一声，要有吉娃娃，嗯，就有了,1,2019-05-22 23:10:39,1558537839,2021-09-21 00:31:28,0,,0,0,,2,3,0,False,False,False,False,False,13,,,348595579917500416,0,安徽
202374230032252928,4475087004578503,13520171919794215,800176341843,176341843,历俊珠宝,https://qidian.qpic.cn/qd_face/349573/6295188/100,9,蛆变成马蜂,1,2018-04-14 11:19:12,1523675952,2018-04-14 11:19:12,0,,0,0,,2,7,0,False,False,False,False,False,10,,,202374230032252928,0,广东
134632145351147520,4475087004578503,13520171919794215,119092326532,224502018,昵称已存在的书虫,https://qidian.qpic.cn/qd_face/349573/6501840/100,9,吉娃娃进化泰迪一直怼……,1,2017-10-09 12:56:21,1507524981,2022-08-01 10:36:03,0,,0,0,,2,44,0,False,False,False,False,False,9,,,134632145351147520,0,未知
124123014911623168,4475087004578503,13520171919794215,800202846496,202846496,读者1565953652853555,https://qidian.qpic.cn/qd_face/349573/5846885/100,9,單身狗進化成孤狼,1,2017-09-10 12:56:49,1505019409,2021-09-21 00:31:34,0,,0,0,,2,34,0,False,False,False,False,False,8,,,124123014911623168,0,未知
119367845095211008,4475087004578503,13520171919794215,119090070760,4495128,不明确,https://qidian.qpic.cn/qd_face/349573/7354312/100,9,听说有人膜？,1,2017-08-28 10:01:28,1503885688,2022-08-01 10:36:07,0,,0,0,,2,20,0,False,False,False,False,False,7,,,119367845095211008,0,未知
111274186370187264,4475087004578503,13520171919794215,119190040633,11409058,星痕冰雪,https://qidian.qpic.cn/qd_face/349573/8816240/100,9,二哈进化成蛤蛤,1,2017-08-06 02:00:09,1501956009,2021-09-21 00:31:36,0,,0,0,,2,20,0,False,False,False,False,False,6,,,111274186370187264,0,未知
108097043804782592,4475087004578503,13520171919794215,800171823066,171823066,E...,https://qidian.qpic.cn/qd_face/349573/4154220/100,9,二哈进化成狼王,1,2017-07-28 07:35:19,1501198519,2022-08-01 10:36:14,0,,0,0,,2,47,0,False,False,False,False,False,5,,,108097043804782592,1,未知
101696730038403072,4475087004578503,13520171919794215,2104445284,212772018,石轩入梦骑,https://qidian.qpic.cn/qd_face/349573/5340190/100,9,二哈？白龙？,1,2017-07-10 15:42:46,1499672566,2017-09-08 19:44:17,0,,0,0,,2,14,0,False,False,False,False,False,4,,,101696730038403072,0,未知
90720340115783680,4475087004578503,13520171919794215,2933483661,219703322,名扬爱萝莉,https://qidian.qpic.cn/qd_face/349573/4004562/100,9,吉娃娃终极进化～二哈！,1,2017-06-10 08:46:30,1497055590,2024-05-30 18:11:09,0,,0,0,,2,411,1,False,False,False,False,False,3,,,90720340115783680,0,未知
87550803086344192,4475087004578503,13520171919794215,800153313104,153313104,Wei丶,https://qidian.qpic.cn/qd_face/349573/12064372/100,9,二哈都有啊喂,1,2017-06-01 14:51:54,1496299914,2021-01-04 13:26:54,0,,0,0,,2,46,0,False,False,False,False,False,2,,,87550803086344192,0,未知
85285902154399744,4475087004578503,13520171919794215,1430181741,210123727,秣陵c,https://qidian.qpic.cn/qd_face/349573/5047186/100,9,这个世界也有吉娃娃吗。。,1,2017-05-26 08:51:59,1495759919,2024-05-30 18:11:09,0,,0,0,,2,293,0,False,False,False,False,False,1,,,85285902154399744,0,未知
476837923115892736,4475087004578503,13520171919794215,854000856612,227762712,蜜丝特拉,https://qidian.qpic.cn/qd_face/349573/6919986/100,11,对魔力A-,1,2020-05-10 20:19:56,1589113196,2023-07-16 15:17:00,0,,0,0,,2,20,0,False,False,False,False,False,1,,,476837923115892736,0,未知
305368861849681920,4475087004578503,13520171919794215,3148843908,315474017,传道解惑者,https://qidian.qpic.cn/qd_face/349573/7329939/100,12,我的身体比铠甲更硬，穿铠甲只是给你们个面子,1,2019-01-23 16:23:06,1548231786,2024-05-30 18:11:18,0,,0,0,,2,187,0,False,False,False,True,False,4,,,305368861849681920,0,美国
381764829888905216,4475087004578503,13520171919794215,800166381357,166381357,南山咖啡豆,https://qidian.qpic.cn/qd_face/349573/6957847/100,12,就很喜欢这种战士的强大意志能使敌方的法术无效的设定，都像dnd设定里一样靠身体硬抗那真成挨最毒的打了…,1,2019-08-22 11:53:24,1566446004,2024-05-30 18:11:18,0,,0,0,,2,139,0,False,False,False,True,False,6,,,381764829888905216,2,未知
959819109997805569,4475087004578503,13520171919794215,855080927952,427424577,书友20230913160044943,https://qidian.gtimg.com/qd/images/ico/default_user.0.2.png,12,哈哈哈哈哈，敌人锤了半天终于锤破甲了，然后发现大boss的肉体比铠甲还硬,1,01-03 14:54:44,1704264884,2024-03-02 16:12:52,0,,0,0,,2,1,0,False,False,False,False,False,15,,,959819109997805569,0,未知
881228356388651008,4475087004578503,13520171919794215,992684686,359938902,温暖人心的呆毛,https://qidian.gtimg.com/qd/images/ico/default_user.0.2.png,12,对魔力A,1,2023-05-31 18:03:08,1685527388,2024-05-12 18:39:08,0,,0,0,,2,1,0,False,False,False,False,False,14,,,881228356388651008,0,四川
774294549387411458,4475087004578503,13520171919794215,1297053143,329139541,还是做咸鱼好了,https://qidian.gtimg.com/qd/images/ico/default_user.0.2.png,12,打破铠甲=解开封印开启boss的第二阶段,1,2022-08-09 16:06:22,1660032382,2023-10-04 18:33:17,0,,0,0,,2,3,0,False,False,False,False,False,13,,,774294549387411458,0,广东
628945822364598272,4475087004578503,13520171919794215,1296116093,312458885,咸鱼琉璃,https://qidian.qpic.cn/qd_face/349573/8098227/100,12,穿衣服是为了能过起点审核,1,2021-07-04 14:02:25,1625378545,2023-10-04 18:33:18,0,,0,0,,2,2,0,False,False,False,False,False,12,,,628945822364598272,0,江苏
460275909178490880,4475087004578503,13520171919794215,854011633121,332868780,远去之青,https://qidian.qpic.cn/qd_face/349573/7364850/100,12,对魔力A+,1,2020-03-26 03:28:24,1585164504,2023-10-04 18:33:19,0,,0,0,,2,15,0,False,False,False,False,False,11,,,460275909178490880,0,未知
439321795263266816,4475087004578503,13520171919794215,454374616,315422990,冰凌乄晨曦,https://qidian.qpic.cn/qd_face/349573/11731199/100,12,你不打穿我的铠甲都不知道我有多耐屮,1,2020-01-28 07:44:14,1580168654,2024-03-02 16:12:48,0,,0,0,,2,29,0,False,False,False,False,False,10,,,439321795263266816,0,未知
430921099136532480,4475087004578503,13520171919794215,408433644,334839247,奉主千岁平蜘蛛,https://qidian.qpic.cn/qd_face/349573/6859906/100,12,跟寂静修女似的,1,2020-01-05 03:22:52,1578165772,2022-08-01 10:37:35,0,,0,0,,2,3,0,False,False,False,False,False,9,,,430921099136532480,0,未知
381764829888905216,4475087004578503,13520171919794215,800166381357,166381357,南山咖啡豆,https://qidian.qpic.cn/qd_face/349573/6957847/100,12,就很喜欢这种战士的强大意志能使敌方的法术无效的设定，都像dnd设定里一样靠身体硬抗那真成挨最毒的打了…,1,2019-08-22 11:53:24,1566446004,2024-05-30 18:11:18,0,,0,0,,2,139,0,False,False,False,False,False,6,,,381764829888905216,2,未知
319907915223859201,4475087004578503,13520171919794215,2583189658,300210451,北极冰魂,https://qidian.qpic.cn/qd_face/349573/6266897/100,12,绝缘之爪,1,2019-03-04 19:16:06,1551698166,2021-02-16 23:03:49,0,,0,0,,2,4,0,False,False,False,False,False,5,,,319907915223859201,0,河北
305368861849681920,4475087004578503,13520171919794215,3148843908,315474017,传道解惑者,https://qidian.qpic.cn/qd_face/349573/7329939/100,12,我的身体比铠甲更硬，穿铠甲只是给你们个面子,1,2019-01-23 16:23:06,1548231786,2024-05-30 18:11:18,0,,0,0,,2,187,0,False,False,False,False,False,4,,,305368861849681920,0,美国
302264915211714560,4475087004578503,13520171919794215,800169196374,169196374,pxlmax,https://qidian.qpic.cn/qd_face/349573/3939596/100,12,光腚锤人？,1,2019-01-15 02:49:07,1547491747,2021-02-16 23:03:51,0,,0,0,,2,6,0,False,False,False,False,False,3,,,302264915211714560,0,福建
296944223779880960,4475087004578503,13520171919794215,2404588821,209455864,Bi一,https://qidian.qpic.cn/qd_face/349573/235/100,12,绝魔体质,1,2018-12-31 10:26:36,1546223196,2021-02-16 23:03:51,0,,0,0,,2,2,0,False,False,False,False,False,2,,,296944223779880960,0,福建
229201676752650240,4475087004578503,13520171919794215,13751786,199530969,无双赵紫龙,https://qidian.qpic.cn/qd_face/349573/2691035/100,12,魔免之躯,1,2018-06-27 12:01:54,1530072114,2021-08-21 10:37:03,0,,0,0,,2,16,0,False,False,False,False,False,1,,,229201676752650240,0,湖北
123861946696138752,4475087004578503,13520171919794215,854004656755,306375252,Ertyuiq,https://qidian.qpic.cn/qd_face/349573/5218739/100,15,神TM身边围绕着一瓶无形的饮料,1,2017-09-09 19:39:25,1504957165,2024-06-04 00:08:08,0,,0,0,,2,717,1,False,False,False,True,False,1,,,123861946696138752,4,未知
139898364266348544,4475087004578503,13520171919794215,2125568371,215511596,紫月泠d殇岚,https://qidian.qpic.cn/qd_face/349573/8761963/100,15,水蜜桃味的还是青柠味的（手动滑稽）,1,2017-10-24 01:42:25,1508780545,2024-06-04 00:08:09,0,,0,0,,2,277,0,False,False,False,True,False,5,,,139898364266348544,0,本机地址
786205352587886592,4475087004578503,13520171919794215,854052657375,393917727,汝等皆羔羊,https://qidian.gtimg.com/qd/images/ico/default_user.0.2.png,15,魔兽世界既视感,1,2022-09-11 12:55:39,1662872139,2023-01-09 09:50:21,0,,0,0,,2,2,0,False,False,False,False,False,20,,,786205352587886592,0,上海
386245531107852288,4475087004578503,13520171919794215,800202257088,202257088,三戒三定,https://qidian.qpic.cn/qd_face/349573/1246459/100,15,脉动给你多少钱？我激活给你10倍,1,2019-09-03 20:38:07,1567514287,2024-05-08 00:36:37,0,,0,0,,2,28,0,False,False,False,False,False,18,,,386245531107852288,0,未知
325959558453395456,4475087004578503,13520171919794215,2535838486,308189699,只爱软妹纸,https://qidian.qpic.cn/qd_face/349573/5817219/100,15,脉动经你多少钱？我百事翻倍。,1,2019-03-21 12:03:11,1553140991,2023-07-03 17:19:26,0,,0,0,,2,15,0,False,False,False,False,False,16,,,325959558453395456,0,广东
317499619984670720,4475087004578503,13520171919794215,800146617554,146617554,染上了疯狂,https://qidian.qpic.cn/qd_face/349573/7015140/100,15,卖洞,1,2019-02-26 03:46:24,1551123984,2022-09-11 13:52:43,0,,0,0,,2,7,0,False,False,False,False,False,15,,,317499619984670720,0,广东
300038622470733824,4475087004578503,13520171919794215,850001020786,223290431,席卷陈来,https://qidian.qpic.cn/qd_face/349573/7040713/100,15,一楼一下子就让我笑了，本来还没发现的,1,2019-01-08 23:22:38,1546960958,2023-07-16 15:17:29,0,,0,0,,2,8,0,False,False,False,False,False,14,,,300038622470733824,0,广东
294168325972557824,4475087004578503,13520171919794215,119190167609,214574869,参与者023,https://qidian.qpic.cn/qd_face/349573/6566391/100,15,乔大爷:无限脉动制,1,2018-12-23 18:36:10,1545561370,2023-01-25 09:58:36,0,,0,0,,2,13,0,False,False,False,False,False,13,,,294168325972557824,0,江苏
276082700480348160,4475087004578503,13520171919794215,800219796751,219796751,萌小白惹不起,https://qidian.qpic.cn/qd_face/349573/238/100,15,脉动233,1,2018-11-03 20:50:21,1541249421,2022-09-11 13:52:45,0,,0,0,,2,11,0,False,False,False,False,False,12,,,276082700480348160,0,广东
262241828718379008,4475087004578503,13520171919794215,119190400177,171896419,墨元f,https://qidian.qpic.cn/qd_face/349573/7610956/100,15,这层评论有毒哈哈哈哈哈,1,2018-09-26 16:11:40,1537949500,2022-09-11 13:52:45,0,,0,0,,2,7,0,False,False,False,False,False,11,,,262241828718379008,0,河南
226801664961806336,4475087004578503,13520171919794215,120000945094,230747583,丨破晓之月丨,https://qidian.qpic.cn/qd_face/349573/7099507/100,15,脑补出老乔身边转着一圈脉动饮料 哈哈哈哈,1,2018-06-20 21:05:06,1529499906,2023-07-16 15:17:28,0,,0,0,,2,37,0,False,False,False,False,False,10,,,226801664961806336,0,广东
189004003663872000,4475087004578503,13520171919794215,894626829,212780920,化整为零233,https://qidian.qpic.cn/qd_face/349573/6415082/100,15,自带广告的狂战士？,1,2018-03-08 13:50:42,1520488242,2023-07-16 15:17:27,0,,0,0,,2,30,0,False,False,False,False,False,9,,,189004003663872000,0,北京
171937616206299136,4475087004578503,13520171919794215,800173151557,173151557,我爱YYYYYYY,https://qidian.qpic.cn/qd_face/349573/1461799/100,15,自带圣骑技能的狂战士,1,2018-01-20 11:34:58,1516419298,2023-07-16 15:17:28,0,,0,0,,2,19,0,False,False,False,False,False,8,,,171937616206299136,0,天津
142872491050729472,4475087004578503,13520171919794215,896441738,214374408,万里无云一只雁,https://qidian.qpic.cn/qd_face/349573/6506402/100,15,随时脉动回来,1,2017-11-01 06:40:32,1509489632,2024-02-09 19:43:37,0,,0,0,,2,47,0,False,False,False,False,False,6,,,142872491050729472,0,广东
139898364266348544,4475087004578503,13520171919794215,2125568371,215511596,紫月泠d殇岚,https://qidian.qpic.cn/qd_face/349573/8761963/100,15,水蜜桃味的还是青柠味的（手动滑稽）,1,2017-10-24 01:42:25,1508780545,2024-06-04 00:08:09,0,,0,0,,2,277,0,False,False,False,False,False,5,,,139898364266348544,0,本机地址
127222275782148096,4475087004578503,13520171919794215,800124173818,124173818,阿卡拉不多,https://qidian.qpic.cn/qd_face/349573/6559443/100,15,666的大胸弟,1,2017-09-19 02:12:10,1505758330,2022-09-11 13:52:53,0,,0,0,,2,39,0,False,False,False,False,False,3,,,127222275782148096,0,未知
123861946696138752,4475087004578503,13520171919794215,854004656755,306375252,Ertyuiq,https://qidian.qpic.cn/qd_face/349573/5218739/100,15,神TM身边围绕着一瓶无形的饮料,1,2017-09-09 19:39:25,1504957165,2024-06-04 00:08:08,0,,0,0,,2,717,1,False,False,False,False,False,1,,,123861946696138752,4,未知
247326324258111488,4475087004578503,13520171919794215,121453647,306160838,书友20170801014846346,https://qidian.qpic.cn/qd_face/349573/6047733/100,16,以后会有更大的打击。,1,2018-08-16 12:22:47,1534393367,2024-01-11 11:47:29,0,,0,0,,2,16,0,False,False,False,False,False,1,,,247326324258111488,0,四川
747407058738937856,4475087004578503,13520171919794215,800216229674,216229674,安天玄圣,https://qidian.qpic.cn/qd_face/349573/5122293/100,19,既分高下，也分生死！,1,2022-05-27 11:25:05,1653621905,2024-04-01 18:33:48,0,,0,0,,2,5,0,False,False,False,False,False,4,,,747407058738937856,0,云南
268499723663507456,4475087004578503,13520171919794215,854018413982,317606012,亲亲子茎,https://qidian.qpic.cn/qd_face/349573/5921680/100,19,主角的事兒，那能叫flag嗎？,1,2018-10-13 22:38:18,1539441498,2024-04-23 12:42:08,0,,0,0,,2,46,0,False,False,False,False,False,3,,,268499723663507456,0,中国台湾
129256842269556736,4475087004578503,13520171919794215,1521351827,226276515,邓大奥术师,https://qidian.qpic.cn/qd_face/349573/7853275/100,19,没毛病,1,2017-09-24 16:56:49,1506243409,2024-01-06 17:30:33,0,,0,0,,2,51,0,False,False,False,False,False,2,,,129256842269556736,0,未知
126012720486219776,4475087004578503,13520171919794215,119190056128,149348378,望天而论,https://qidian.qpic.cn/qd_face/349573/1185202/100,19,flag，本书快完了,1,2017-09-15 18:05:50,1505469950,2024-01-06 17:30:34,0,,0,0,,2,94,0,False,False,False,False,False,1,,,126012720486219776,0,未知
426775302203572224,4475087004578503,13520171919794215,1106755619,211650770,戾风丶moc,https://qidian.qpic.cn/qd_face/349573/122/100,22,德玛西亚,1,2019-12-24 16:48:57,1577177337,2022-11-16 11:17:50,0,,0,0,,2,5,0,False,False,False,False,False,3,,,426775302203572224,0,未知
317499822506573824,4475087004578503,13520171919794215,800146617554,146617554,染上了疯狂,https://qidian.qpic.cn/qd_face/349573/7015140/100,22,跃云鹏的浴室,1,2019-02-26 03:47:12,1551124032,2022-11-16 11:17:50,0,,0,0,,2,4,0,False,False,False,False,False,2,,,317499822506573824,0,广东
255255124073578496,4475087004578503,13520171919794215,800173261900,173261900,archer629,https://qidian.qpic.cn/qd_face/349573/228/100,22,呵，战士！,1,2018-09-07 09:29:00,1536283740,2022-11-16 11:17:50,0,,0,0,,2,7,0,False,False,False,False,False,1,,,255255124073578496,0,广东
84035291903557632,4475087004578503,13520171919794215,854001468685,229268868,樊鄂,https://qidian.qpic.cn/qd_face/349573/10532828/100,26,直死魔眼，噬神者，耐萨里奥，尼德霍格都出来了，还有什么不能出来的,1,2017-05-22 22:02:31,1495461751,2024-06-04 00:08:29,0,,0,0,,2,959,0,False,False,False,True,False,1,,,84035291903557632,0,未知
91339482372177920,4475087004578503,13520171919794215,800215009530,215009530,②次爱人,https://qidian.qpic.cn/qd_face/349573/2072883/100,26,英灵，吾王,1,2017-06-12 01:46:45,1497203205,2024-06-04 00:08:29,0,,0,0,,2,447,0,False,False,False,True,False,2,,,91339482372177920,0,未知
986398926293434368,4475087004578503,13520171919794215,120325197545,395966908,交闪请放过,https://qidian.qpic.cn/qd_face/349573/240/100,26,示终瞳,1,03-16 23:13:26,1710602006,2024-04-13 00:14:34,0,,0,0,,2,0,0,False,False,False,False,False,52,,,986398926293434368,0,广西壮族自治区
820990936845844480,4475087004578503,13520171919794215,3552642159,355458246,百草不言春,https://qidian.qpic.cn/qd_face/349573/284/100,26,是伟大存在终结吗？,1,2022-12-16 12:41:08,1671165668,2024-02-28 17:08:02,0,,0,0,,2,7,0,False,False,False,False,False,51,,,820990936845844480,0,浙江
782715875085058048,4475087004578503,13520171919794215,1970917559,188441245,天？荒,https://qidian.qpic.cn/qd_face/349573/8880868/100,26,"坏消息：这是一本缝合怪。
好消息：该缝的都缝上了。",1,2022-09-01 21:49:43,1662040183,2024-06-03 07:36:13,0,,0,0,,2,85,0,False,False,False,False,False,50,,,782715875085058048,0,浙江
772480479004983296,4475087004578503,13520171919794215,800202624170,202624170,光辉下的暗影,https://qidian.qpic.cn/qd_face/349573/7187373/100,26,似李！志贵！,1,2022-08-04 15:57:54,1659599874,2023-03-27 16:19:47,0,,0,0,,2,3,0,False,False,False,False,False,49,,,772480479004983296,0,四川
728451572937326592,4475087004578503,13520171919794215,776768113,382058097,读者1510066235044691968,https://qidian.qpic.cn/qd_face/349573/9545760/100,26,都给你缝完咯,1,2022-04-05 04:02:45,1649102565,2024-04-05 03:51:30,0,,0,0,,2,16,0,False,False,False,False,False,48,,,728451572937326592,0,湖北
665116993023901696,4475087004578503,13520171919794215,119192249045,224360782,焦黑碳与小柚子,https://qidian.qpic.cn/qd_face/349573/7264656/100,26,[fn=31],1,2021-10-12 09:33:44,1634002424,2021-11-06 19:50:33,0,,0,0,,2,1,0,False,False,False,False,False,46,,,665116993023901696,0,河北
631530286215266304,4475087004578503,13520171919794215,800000244914,244914,19850911,https://qidian.qpic.cn/qd_face/349573/34/100,26,这叼毛也是个挂逼,1,2021-07-11 17:12:09,1625994729,2023-07-05 14:49:24,0,,0,0,,2,12,0,False,False,False,False,False,45,,,631530286215266304,0,广东
499341029548294144,4475087004578503,13520171919794215,800109233750,109233750,dainsleif,https://qidian.qpic.cn/qd_face/349573/3930645/100,26,要素过多,1,2020-07-11 22:39:15,1594478355,2022-12-06 23:09:37,0,,0,0,,2,17,0,False,False,False,False,False,43,,,499341029548294144,0,未知
482230695578828800,4475087004578503,13520171919794215,800216767239,216767239,靓靓丿浈靓,https://qidian.qpic.cn/qd_face/349573/6950496/100,26,最喜欢两仪式[fn=21]为此买了他的好多手办,1,2020-05-25 17:28:53,1590398933,2023-10-26 06:35:33,0,,0,0,,2,17,0,False,False,False,False,False,42,,,482230695578828800,0,未知
390578152801435648,4475087004578503,13520171919794215,1019899805,212212573,别致情人,https://qidian.qpic.cn/qd_face/349573/6345626/100,26,我还是比较喜欢王诩的主宰之力,1,2019-09-15 19:34:24,1568547264,2023-10-26 06:35:35,0,,0,0,,2,15,0,False,False,False,False,False,33,,,390578152801435648,1,未知
373086412125437952,4475087004578503,13520171919794215,774114252,322300223,书友20180917112215465,https://qidian.qpic.cn/qd_face/349573/10152953/100,26,从这开始，这本书出现啥玩意我都不会奇怪了,1,2019-07-29 13:08:28,1564376908,2024-01-01 14:44:37,0,,0,0,,2,53,0,False,False,False,False,False,30,,,373086412125437952,5,未知
348924001239760896,4475087004578503,13520171919794215,1186484908,330592773,书友20190505143057804,https://qidian.gtimg.com/qd/images/ico/default_user.0.2.png,26,直死魔眼,1,2019-05-23 20:55:40,1558616140,2023-10-26 06:35:43,0,,0,0,,2,13,0,False,False,False,False,False,29,,,348924001239760896,0,广东
347394492778741760,4475087004578503,13520171919794215,747565728,323552003,会扑街的咸鱼,https://qidian.qpic.cn/qd_face/349573/207/100,26,mmp，你是志贵啊你，你还精分来着,1,2019-05-19 15:37:57,1558251477,2023-10-26 06:35:42,0,,0,0,,2,14,0,False,False,False,False,False,28,,,347394492778741760,0,上海
319980542588289024,4475087004578503,13520171919794215,800156695972,156695972,幻想乡不朽永恒的梦,https://qidian.qpic.cn/qd_face/349573/12184579/100,26,我相信是二小姐的眼（虽然不是很像），,1,2019-03-05 00:04:42,1551715482,2021-10-04 20:20:10,0,,0,0,,2,12,0,False,False,False,False,False,26,,,319980542588289024,0,安徽
306776172312920064,4475087004578503,13520171919794215,280504819,202214251,按在地上摩擦,https://qidian.qpic.cn/qd_face/349573/5620469/100,26,神都杀给你看,1,2019-01-27 13:35:15,1548567315,2021-03-28 19:32:08,0,,0,0,,2,3,0,False,False,False,False,False,25,,,306776172312920064,0,浙江
303209549265960960,4475087004578503,13520171919794215,1927649732,230234171,此狗天下无双,https://qidian.gtimg.com/qd/images/ico/default_user.0.2.png,26,妥妥的主角模板哎,1,2019-01-17 17:22:46,1547716966,2022-11-25 18:55:23,0,,0,0,,2,5,0,False,False,False,False,False,24,,,303209549265960960,0,广东
298227037343121408,4475087004578503,13520171919794215,1192287375,183203376,Aisakagk,https://qidian.qpic.cn/qd_face/349573/5505758/100,26,二仪式是你嘛 滑稽,1,2019-01-03 23:24:02,1546529042,2020-09-18 19:09:49,0,,0,0,,2,5,0,False,False,False,False,False,23,,,298227037343121408,0,河南
211215478042001408,4475087004578503,13520171919794215,119090063810,2001046,シュゥ,https://qidian.qpic.cn/qd_face/349573/1/100,26,幼年濒死觉醒魔眼明明就是志贵，评论一水214，逗,1,2018-05-08 20:51:10,1525783870,2023-01-25 10:01:40,0,,0,0,,2,25,0,False,False,False,False,False,22,,,211215478042001408,4,广西壮族自治区
194110417554112512,4475087004578503,13520171919794215,1251297986,186461167,锋划血跃,https://qidian.qpic.cn/qd_face/349573/1/100,26,主角,1,2018-03-22 16:01:46,1521705706,2018-03-22 16:01:46,0,,0,0,,2,0,0,False,False,False,False,False,21,,,194110417554112512,0,天津
189004557404209152,4475087004578503,13520171919794215,894626829,212780920,化整为零233,https://qidian.qpic.cn/qd_face/349573/6415082/100,26,直死之魔眼,1,2018-03-08 13:52:54,1520488374,2020-09-18 19:10:12,0,,0,0,,2,6,0,False,False,False,False,False,20,,,189004557404209152,0,北京
174200931347595264,4475087004578503,13520171919794215,800212916368,212916368,刹那永恒boos,https://qidian.qpic.cn/qd_face/349573/5624927/100,26,绝逼是直视魔眼。   空之境界  型月世界,1,2018-01-26 17:28:34,1516958914,2020-09-18 19:10:12,0,,0,0,,2,8,0,False,False,False,False,False,18,,,174200931347595264,0,山西
173070762817683456,4475087004578503,13520171919794215,800102917768,102917768,飘雷雪,https://qidian.qpic.cn/qd_face/349573/18/100,26,空之轨迹,1,2018-01-23 14:37:41,1516689461,2018-01-23 14:37:41,0,,0,0,,2,3,0,False,False,False,False,False,17,,,173070762817683456,0,吉林
163947748708777984,4475087004578503,13520171919794215,800121687170,121687170,☆最爱初音☆,https://qidian.qpic.cn/qd_face/349573/1342430/100,26,直死魔眼也是分等级的。。。,1,2017-12-29 10:26:05,1514514365,2017-12-29 10:26:05,0,,0,0,,2,11,0,False,False,False,False,False,16,,,163947748708777984,1,四川
147735331330981888,4475087004578503,13520171919794215,1219962377,188754326,枫叶路灯,https://qidian.qpic.cn/qd_face/349573/1018391/100,26,所以……直死魔眼＋斯卡蕾特=大小姐、二小姐,1,2017-11-14 16:43:44,1510649024,2022-09-26 22:07:27,0,,0,0,,2,31,0,False,False,False,False,False,14,,,147735331330981888,2,湖南
143717575782694912,4475087004578503,13520171919794215,852000086208,225956785,Addidor,https://qidian.qpic.cn/qd_face/349573/5396147/100,26,似李！根源来的吧！！,1,2017-11-03 14:38:36,1509691116,2021-02-16 23:05:19,0,,0,0,,2,8,0,False,False,False,False,False,13,,,143717575782694912,0,陕西
142046868455686144,4475087004578503,13520171919794215,842334992,209616882,秋暮白,https://qidian.qpic.cn/qd_face/349573/2722575/100,26,是你吗？214,1,2017-10-29 23:59:48,1509292788,2021-02-16 23:05:19,0,,0,0,,2,5,0,False,False,False,False,False,12,,,142046868455686144,0,未知
130286184839577600,4475087004578503,13520171919794215,854013326092,301460522,书友20210301104148355656,https://qidian.qpic.cn/qd_face/349573/5044732/100,26,萨格拉斯,1,2017-09-27 13:07:03,1506488823,2021-02-16 23:05:17,0,,0,0,,2,9,0,False,False,False,False,False,10,,,130286184839577600,0,未知
124186739173621760,4475087004578503,13520171919794215,800004386302,4386302,mangG1,https://qidian.qpic.cn/qd_face/349573/7189883/100,26,我以为说写轮眼[fn=17],1,2017-09-10 17:10:02,1505034602,2021-02-16 23:05:17,0,,0,0,,2,9,0,False,False,False,False,False,9,,,124186739173621760,0,未知
121767018205675520,4475087004578503,13520171919794215,800130965250,130965250,无边瑟瑟,https://qidian.qpic.cn/qd_face/349573/10367113/100,26,缺一打saber脸,1,2017-09-04 00:54:55,1504457695,2021-02-16 23:05:17,0,,0,0,,2,17,0,False,False,False,False,False,7,,,121767018205675520,0,未知
110201296845471744,4475087004578503,13520171919794215,843160365,199504901,没事看书养身,https://qidian.qpic.cn/qd_face/349573/3383812/100,26,啊撒托斯都出来了？咦，这本书的一些设定好像和全职boos一样啊，同一个作者？,1,2017-08-03 02:56:52,1501700212,2017-09-07 19:43:42,0,,0,0,,2,20,1,False,False,False,False,False,6,,,110201296845471744,3,未知
96211530101620736,4475087004578503,13520171919794215,119190419107,216107596,犯犯犯犯二,https://qidian.qpic.cn/qd_face/349573/2299612/100,26,阿塔你死：？？？,1,2017-06-25 12:26:32,1498364792,2021-02-16 23:05:10,0,,0,0,,2,13,0,False,False,False,False,False,5,,,96211530101620736,0,未知
96033916548481024,4475087004578503,13520171919794215,800172751950,172751950,Aye米,https://qidian.qpic.cn/qd_face/349573/2960734/100,26,阿撒托斯,1,2017-06-25 00:40:46,1498322446,2022-05-15 13:10:11,0,,0,0,,2,23,0,False,False,False,False,False,4,,,96033916548481024,0,未知
94501836672860160,4475087004578503,13520171919794215,851001475139,224805621,风云似水,https://qidian.qpic.cn/qd_face/349573/249/100,26,0,1,2017-06-20 19:12:49,1497957169,2021-02-16 23:05:09,0,,0,0,,2,8,0,False,False,False,False,False,3,,,94501836672860160,0,未知
91339482372177920,4475087004578503,13520171919794215,800215009530,215009530,②次爱人,https://qidian.qpic.cn/qd_face/349573/2072883/100,26,英灵，吾王,1,2017-06-12 01:46:45,1497203205,2024-06-04 00:08:29,0,,0,0,,2,447,0,False,False,False,False,False,2,,,91339482372177920,0,未知
84035291903557632,4475087004578503,13520171919794215,854001468685,229268868,樊鄂,https://qidian.qpic.cn/qd_face/349573/10532828/100,26,直死魔眼，噬神者，耐萨里奥，尼德霍格都出来了，还有什么不能出来的,1,2017-05-22 22:02:31,1495461751,2024-06-04 00:08:29,0,,0,0,,2,959,0,False,False,False,False,False,1,,,84035291903557632,0,未知
446536587652759552,4475087004578503,13520171919794215,3027559599,221110098,赫尔墨菲斯托,https://qidian.qpic.cn/qd_face/349573/7205230/100,27,你看起来蛮好砍的亚子（滑稽）,1,2020-02-17 05:33:15,1581888795,2024-05-05 21:41:14,0,,0,0,,2,21,0,False,False,False,False,False,1,,,446536587652759552,0,未知
729713372471427072,4475087004578503,13520171919794215,3409749095,228977291,懒人不想工作,https://qidian.gtimg.com/qd/images/ico/default_user.0.2.png,29,这不就是直死魔眼吗！,1,2022-04-08 15:36:41,1649403401,2024-04-05 03:51:51,0,,0,0,,2,12,0,False,False,False,False,False,6,,,729713372471427072,0,山东
336541998922137600,4475087004578503,13520171919794215,1052703109,301961243,弥生alter,https://qidian.qpic.cn/qd_face/349573/7257999/100,29,四李！214！,1,2019-04-19 16:54:01,1555664041,2023-10-26 06:36:32,0,,0,0,,2,17,0,False,False,False,False,False,5,,,336541998922137600,0,河南
333505319999242241,4475087004578503,13520171919794215,1253115661,193041306,雒龍,https://qidian.qpic.cn/qd_face/349573/6237278/100,29,式姐,1,2019-04-11 07:47:20,1554940040,2023-04-28 16:52:08,0,,0,0,,2,15,0,False,False,False,False,False,4,,,333505319999242241,0,广东
220303816887894016,4475087004578503,13520171919794215,800000058783,58783,read,https://qidian.qpic.cn/qd_face/349573/6637148/100,29,只要是活的，神也杀给你看,1,2018-06-02 22:44:59,1527950699,2023-04-28 16:52:08,0,,0,0,,2,50,0,False,False,False,False,False,3,,,220303816887894016,0,四川
205149297006739456,4475087004578503,13520171919794215,119190067122,20330503,Ghostcrazy,https://qidian.qpic.cn/qd_face/349573/8214926/100,29,不死一次能觉醒咩……,1,2018-04-22 03:06:20,1524337580,2023-04-28 16:52:09,0,,0,0,,2,39,0,False,False,False,False,False,2,,,205149297006739456,0,广东
114263807097962496,4475087004578503,13520171919794215,854000872826,227847108,书友20210301106458540020,https://qidian.qpic.cn/qd_face/349573/3939082/100,29,直死魔眼...无语,1,2017-08-14 07:59:50,1502668790,2024-04-05 03:51:54,0,,0,0,,2,70,0,False,False,False,False,False,1,,,114263807097962496,0,
448058927054258176,4475087004578503,13520171919794215,119190211412,114582789,蓅姩↘漃瘼,https://qidian.qpic.cn/qd_face/349573/237/100,30,你有这个信心，但是（在原来的时间线）没有这个实力,1,2020-02-21 10:22:29,1582251749,2023-04-28 16:52:17,0,,0,0,,2,12,0,False,False,False,False,False,1,,,448058927054258176,0,未知
121505587476430848,4475087004578503,13520171919794215,800173393656,173393656,SD退休老機師,https://qidian.qpic.cn/qd_face/349573/5030340/100,33,神沒有死亡的概念,1,2017-09-03 07:36:05,1504395365,2024-06-01 18:32:06,0,,0,0,,2,414,0,False,False,False,True,False,1,,,121505587476430848,3,未知
168903086767669248,4475087004578503,13520171919794215,119190019569,141093734,紅A背影男,https://qidian.qpic.cn/qd_face/349573/4193566/100,33,"作者因該給主角上個技能啊！
無窮的武煉！
只有穿越無數的戰場，在殘酷的血戰存活下來的勇士可以擁有的",1,2018-01-12 02:36:50,1515695810,2024-05-30 18:12:06,0,,0,0,,2,195,0,False,False,False,True,False,5,,,168903086767669248,0,中国台湾
605824395402936320,4475087004578503,13520171919794215,120201931440,363099406,烟雨断,https://qidian.gtimg.com/qd/images/ico/default_user.0.2.png,33,神不死不灭，死去的神是伪神,1,2021-05-01 18:46:07,1619865967,2023-08-09 09:53:42,0,,0,0,,2,8,0,False,False,False,False,False,23,,,605824395402936320,0,四川
408996577349271552,4475087004578503,13520171919794215,854011673548,333105209,帅气小杰169,https://qidian.qpic.cn/qd_face/349573/7535598/100,33,这个魔眼是寻找弱点破绽 不是动漫里的看到万物的死线 设定都不一样,1,2019-11-05 15:22:39,1572938559,2024-04-04 21:29:33,0,,0,0,,2,41,0,False,False,False,False,False,22,,,408996577349271552,0,未知
381776614561742849,4475087004578503,13520171919794215,800166381357,166381357,南山咖啡豆,https://qidian.qpic.cn/qd_face/349573/6957847/100,33,俺觉得这有点过了吧，你可以说死线一直在转移或者很少在战斗中难以切到，但一个才黄金的战士就基本没有死线了是不是有点夸张啊…,1,2019-08-22 12:40:14,1566448814,2024-04-16 12:22:45,0,,0,0,,2,12,0,False,False,False,False,False,18,,,381776614561742849,2,未知
375929792870154240,4475087004578503,13520171919794215,120005788495,312864754,丶跋,https://qidian.qpic.cn/qd_face/349573/5668074/100,33,jinzhang,1,2019-08-06 09:27:03,1565054823,2022-11-16 11:18:31,0,,0,0,,2,1,0,False,False,False,False,False,15,,,375929792870154240,0,未知
327382164788477952,4475087004578503,13520171919794215,1667942082,220122957,小马宝莉大战小猪佩奇,https://qidian.qpic.cn/qd_face/349573/8971012/100,33,全身覆盖武装色霸气,1,2019-03-25 10:16:06,1553480166,2021-01-10 21:34:02,0,,0,0,,2,3,0,False,False,False,False,False,11,,,327382164788477952,0,北京
323947880257945600,4475087004578503,13520171919794215,800216527969,216527969,阿喵噗,https://qidian.qpic.cn/qd_face/349573/5168978/100,33,因为超出了他的能力，这是残缺版的魔眼?,1,2019-03-15 22:49:29,1552661369,2019-03-15 22:49:29,0,,0,0,,2,7,0,False,False,False,False,False,10,,,323947880257945600,2,广东
309465729462239232,4475087004578503,13520171919794215,2669310877,314879755,NoEyeDear,https://qidian.qpic.cn/qd_face/349573/8124342/100,33,应该是无法理解主角的死？,1,2019-02-03 23:42:35,1549208555,2021-10-02 00:02:41,0,,0,0,,2,8,0,False,False,False,False,False,9,,,309465729462239232,0,河南
300039388623208448,4475087004578503,13520171919794215,850001020786,223290431,席卷陈来,https://qidian.qpic.cn/qd_face/349573/7040713/100,33,所以说，那个呼吸法被动是真的强！！特别是在现实，那就是365度全方位无死角防护。,1,2019-01-08 23:25:41,1546961141,2024-01-20 12:23:15,0,,0,0,,2,35,0,False,False,False,False,False,8,,,300039388623208448,1,广东
168903086767669248,4475087004578503,13520171919794215,119190019569,141093734,紅A背影男,https://qidian.qpic.cn/qd_face/349573/4193566/100,33,"作者因該給主角上個技能啊！
無窮的武煉！
只有穿越無數的戰場，在殘酷的血戰存活下來的勇士可以擁有的",1,2018-01-12 02:36:50,1515695810,2024-05-30 18:12:06,0,,0,0,,2,195,0,False,False,False,False,False,5,,,168903086767669248,0,中国台湾
143849615761080320,4475087004578503,13520171919794215,800219637820,219637820,煜斛,https://qidian.qpic.cn/qd_face/349573/1/100,33,卧槽  这怎么玩[fn=11],1,2017-11-03 23:23:17,1509722597,2024-01-20 12:23:23,0,,0,0,,2,51,0,False,False,False,False,False,4,,,143849615761080320,0,四川
135675074383708160,4475087004578503,13520171919794215,800194195452,194195452,两仪式5583,https://qidian.qpic.cn/qd_face/349573/7956028/100,33,荒耶宗莲？,1,2017-10-12 10:00:34,1507773634,2021-02-01 15:05:11,0,,0,0,,2,49,0,False,False,False,False,False,2,,,135675074383708160,0,未知
121505587476430848,4475087004578503,13520171919794215,800173393656,173393656,SD退休老機師,https://qidian.qpic.cn/qd_face/349573/5030340/100,33,神沒有死亡的概念,1,2017-09-03 07:36:05,1504395365,2024-06-01 18:32:06,0,,0,0,,2,414,0,False,False,False,False,False,1,,,121505587476430848,3,未知
407804215067672576,4475087004578503,13520171919794215,800149842592,149842592,雨落清痕,https://qidian.qpic.cn/qd_face/349573/661490/100,34,数据化,1,2019-11-02 08:24:37,1572654277,2023-10-26 06:36:51,0,,0,0,,2,13,0,False,False,False,False,False,3,,,407804215067672576,0,未知
405754028220350464,4475087004578503,13520171919794215,137077522,328414489,simonnamikaz,https://qidian.qpic.cn/qd_face/349573/6642104/100,34,屁股没有缝？！,1,2019-10-27 16:37:55,1572165475,2023-10-26 06:36:53,0,,0,0,,2,9,0,False,False,False,False,False,2,,,405754028220350464,0,未知
151238263737221120,4475087004578503,13520171919794215,119190048780,113746402,九天神符,https://qidian.qpic.cn/qd_face/349573/11879582/100,34,想要千年杀，却找不到位置？,1,2017-11-24 08:43:08,1511484188,2024-02-09 19:45:03,0,,0,0,,2,67,0,False,False,False,False,False,1,,,151238263737221120,0,甘肃
772480933520539648,4475087004578503,13520171919794215,800202624170,202624170,光辉下的暗影,https://qidian.qpic.cn/qd_face/349573/7187373/100,35,像是志贵看爱尔奎特，明白了乔大爷吸血鬼真祖说,1,2022-08-04 15:59:42,1659599982,2024-05-30 18:12:13,0,,0,0,,2,27,0,False,False,False,False,False,1,,,772480933520539648,0,四川
605690174378278912,4475087004578503,13520171919794215,1540389981,359788220,w0_0w,https://qidian.qpic.cn/qd_face/349573/286/100,36,没破绽的话上一世怎么被背刺了,1,2021-05-01 09:52:47,1619833967,2024-05-05 21:41:54,0,,0,0,,2,38,0,False,False,False,False,False,16,,,605690174378278912,3,美国
418363308341592064,4475087004578503,13520171919794215,138051972,199229513,Loserrrrrr,https://qidian.qpic.cn/qd_face/349573/11110040/100,36,唯独菊花一直亮着，布兰登眼神一亮，似乎明白了些什么。,1,2019-12-01 11:42:41,1575171761,2024-04-23 12:43:33,0,,0,0,,2,183,0,False,False,False,False,False,14,,,418363308341592064,1,未知
408714293866004480,4475087004578503,13520171919794215,800000727670,727670,幽灵噩梦,https://qidian.qpic.cn/qd_face/349573/9328260/100,36,零点看zz到处都是破绽，但一个都抓不住[fn=33],1,2019-11-04 20:40:57,1572871257,2024-06-04 00:08:59,0,,0,0,,2,44,0,False,False,False,False,False,13,,,408714293866004480,0,浙江
386250336836452352,4475087004578503,13520171919794215,800202257088,202257088,三戒三定,https://qidian.qpic.cn/qd_face/349573/1246459/100,36,呵，这就是个散光眼。弱点:后腰,1,2019-09-03 20:57:12,1567515432,2024-06-04 00:09:05,0,,0,0,,2,30,0,False,False,False,False,False,12,,,386250336836452352,0,未知
334460144035495936,4475087004578503,13520171919794215,120005898122,313267050,树濑A天莲,https://qidian.qpic.cn/qd_face/349573/6393412/100,36,这是正面，后面说不定会有很多，还有后腰子可能有一大块（手动滑稽）,1,2019-04-13 23:01:28,1555167688,2024-01-01 14:45:18,0,,0,0,,2,37,0,False,False,False,False,False,10,,,334460144035495936,1,广东
324612610211250176,4475087004578503,13520171919794215,800169552326,169552326,雨天的琉璃月,https://qidian.qpic.cn/qd_face/349573/729637/100,36,所以二者是不能直接替换混用的，换用之前得将肯定否定句式互换啊,1,2019-03-17 18:50:53,1552819853,2023-03-09 18:39:54,0,,0,0,,2,6,0,False,False,False,False,False,9,,,324612610211250176,0,安徽
320565017890062336,4475087004578503,13520171919794215,852000049510,225638269,Xeponent,https://qidian.qpic.cn/qd_face/349573/1/100,36,"无时无刻不=时时刻刻都
所以一楼的质疑是对的
应该是“时时刻刻都没有半点明显的弱点/无时无刻不保持没有弱点的状态”类似这样的写法句子才通顺",1,2019-03-06 14:47:12,1551854832,2023-03-09 18:39:54,0,,0,0,,2,15,0,False,False,False,False,False,7,,,320565017890062336,0,北京
163948112954720256,4475087004578503,13520171919794215,800121687170,121687170,☆最爱初音☆,https://qidian.qpic.cn/qd_face/349573/1342430/100,36,没有半点明显的弱点。。。请注意。。。看仔细。,1,2017-12-29 10:27:32,1514514452,2023-04-11 07:50:23,0,,0,0,,2,105,0,False,False,False,False,False,4,,,163948112954720256,0,四川
155852581686673408,4475087004578503,13520171919794215,854000822224,227638125,无头骑士DRRR,https://qidian.qpic.cn/qd_face/349573/3860602/100,36,确定是无时无刻没有?双重否定表肯定，就是时时刻刻有明显的弱点了，是我理解错了吗？,1,2017-12-07 02:18:47,1512584327,2024-02-05 13:52:05,0,,0,0,,2,30,1,False,False,False,False,False,1,,,155852581686673408,5,四川
115779802522320896,4475087004578503,13520171919794215,119090028635,14509223,格兰西尔但丁,https://qidian.qpic.cn/qd_face/349573/7440116/100,38,那你倒是脱啊,1,2017-08-18 12:23:52,1503030232,2024-04-23 12:43:49,0,,0,0,,2,300,0,False,False,False,True,False,1,,,115779802522320896,0,未知
122285542355369984,4475087004578503,13520171919794215,119190415501,132492559,明洋大少,https://qidian.qpic.cn/qd_face/349573/7042574/100,38,给你看大丁丁,1,2017-09-05 11:15:21,1504581321,2024-04-23 12:43:50,0,,0,0,,2,241,0,False,False,False,True,False,2,,,122285542355369984,0,未知
801048885580595200,4475087004578503,13520171919794215,1599561778,318181967,北野怜烟,https://qidian.qpic.cn/qd_face/349573/10577215/100,38,看看你的,1,2022-10-22 11:58:33,1666411113,2023-07-09 14:13:25,0,,0,0,,2,5,0,False,False,False,False,False,19,,,801048885580595200,0,四川
736695121365630976,4475087004578503,13520171919794215,800220268299,220268299,年少的羁绊,https://qidian.qpic.cn/qd_face/349573/7317402/100,38,那是怎么被肾击了[fn=39],1,2022-04-27 21:59:40,1651067980,2024-04-20 07:34:16,0,,0,0,,2,16,0,False,False,False,False,False,18,,,736695121365630976,1,重庆
472868661867315200,4475087004578503,13520171919794215,854009359634,327068319,吕氏春秋有云,https://qidian.qpic.cn/qd_face/349573/259/100,38,come on，show you my body。,1,2020-04-29 21:27:30,1588166850,2023-07-09 14:13:29,0,,0,0,,2,9,0,False,False,False,False,False,17,,,472868661867315200,1,未知
426775947090526208,4475087004578503,13520171919794215,1106755619,211650770,戾风丶moc,https://qidian.qpic.cn/qd_face/349573/122/100,38,突然间，气氛变的gay里gay气,1,2019-12-24 16:51:31,1577177491,2023-07-09 14:13:33,0,,0,0,,2,8,0,False,False,False,False,False,16,,,426775947090526208,0,未知
420671477466071040,4475087004578503,13520171919794215,120005947293,313467925,修仙而卒,https://qidian.qpic.cn/qd_face/349573/8856853/100,38,你对你看到的还满意吗,1,2019-12-07 20:34:32,1575722072,2023-07-09 14:13:35,0,,0,0,,2,4,0,False,False,False,False,False,15,,,420671477466071040,0,未知
399096363196940288,4475087004578503,13520171919794215,1007664964,312304425,洲边野鸥,https://qidian.gtimg.com/qd/images/ico/default_user.0.2.png,38,你们看我*吗？,1,2019-10-09 07:42:44,1570578164,2023-05-17 16:24:39,0,,0,0,,2,2,0,False,False,False,False,False,14,,,399096363196940288,0,浙江
383209507842686976,4475087004578503,13520171919794215,120101796773,334884003,Pangloss,https://qidian.qpic.cn/qd_face/349573/6962130/100,38,别问，问就是肾不见了,1,2019-08-26 11:34:02,1566790442,2020-09-18 19:13:40,0,,0,0,,2,3,0,False,False,False,False,False,12,,,383209507842686976,0,未知
350253937313513472,4475087004578503,13520171919794215,568264780,218067288,烂头蓝,https://qidian.qpic.cn/qd_face/349573/2765300/100,38,那么问题来了 传奇的不明显漏洞在哪里呢,1,2019-05-27 13:00:22,1558933222,2023-04-06 16:47:57,0,,0,0,,2,3,0,False,False,False,False,False,10,,,350253937313513472,1,湖南
342988766128111616,4475087004578503,13520171919794215,800131702880,131702880,圣光追寻者,https://qidian.qpic.cn/qd_face/349573/6351667/100,38,让你康康！,1,2019-05-07 11:51:10,1557201070,2019-05-07 11:51:10,0,,0,0,,2,2,0,False,False,False,False,False,9,,,342988766128111616,0,河南
302534949167300608,4475087004578503,13520171919794215,800194550797,194550797,魔帝烟少1,https://qidian.qpic.cn/qd_face/349573/7085677/100,38,用过飘柔就是这么自信,1,2019-01-15 20:42:09,1547556129,2019-01-15 20:42:09,0,,0,0,,2,7,0,False,False,False,False,False,7,,,302534949167300608,0,福建
295819583179325440,4475087004578503,13520171919794215,919673246,212554204,谛琉仙,https://qidian.qpic.cn/qd_face/349573/9518083/100,38,王者的余裕（,1,2018-12-28 07:57:41,1545955061,2023-10-09 03:37:45,0,,0,0,,2,6,0,False,False,False,False,False,6,,,295819583179325440,1,广东
288951333774491648,4475087004578503,13520171919794215,800149709332,149709332,深渊级潜水员,https://qidian.qpic.cn/qd_face/349573/7713762/100,38,但你依然倒在因果技-正义的背刺之下。,1,2018-12-09 09:05:42,1544317542,2023-10-12 02:18:00,0,,0,0,,2,31,0,False,False,False,False,False,5,,,288951333774491648,2,广东
255121106455953408,4475087004578503,13520171919794215,847155238,199340444,LAP是无敌的,https://qidian.qpic.cn/qd_face/349573/6104706/100,38,是你，dio,1,2018-09-07 00:36:27,1536251787,2022-10-03 20:41:19,0,,0,0,,2,7,0,False,False,False,False,False,4,,,255121106455953408,0,广东
122285542355369984,4475087004578503,13520171919794215,119190415501,132492559,明洋大少,https://qidian.qpic.cn/qd_face/349573/7042574/100,38,给你看大丁丁,1,2017-09-05 11:15:21,1504581321,2024-04-23 12:43:50,0,,0,0,,2,241,0,False,False,False,False,False,2,,,122285542355369984,0,未知
115779802522320896,4475087004578503,13520171919794215,119090028635,14509223,格兰西尔但丁,https://qidian.qpic.cn/qd_face/349573/7440116/100,38,那你倒是脱啊,1,2017-08-18 12:23:52,1503030232,2024-04-23 12:43:49,0,,0,0,,2,300,0,False,False,False,False,False,1,,,115779802522320896,0,未知
976217784038850560,4475087004578503,13520171919794215,3231783384,347611566,哭笑心魔,https://qidian.qpic.cn/qd_face/349573/9828140/100,39,就怕两肋插刀[fn=22][fn=22][fn=22],1,02-17 20:57:13,1708174633,2024-02-24 20:57:13,0,,0,0,,2,0,0,False,False,False,False,False,8,,,976217784038850560,0,江西
375287126939598848,4475087004578503,13520171919794215,119090041523,122579234,道生一，一生二，二生三,https://qidian.qpic.cn/qd_face/349573/686234/100,39,可还是被背刺弄死了。,1,2019-08-04 14:53:19,1564901599,2024-05-05 21:42:08,0,,0,0,,2,87,0,False,False,False,False,False,6,,,375287126939598848,0,未知
362646158142865409,4475087004578503,13520171919794215,800149310200,149310200,久日天涯,https://qidian.qpic.cn/qd_face/349573/1175005/100,39,我看到这里感觉好爽,1,2019-06-30 17:42:38,1561887758,2024-05-02 11:56:08,0,,0,0,,2,15,0,False,False,False,False,False,5,,,362646158142865409,0,山东
362369423891496960,4475087004578503,13520171919794215,916693766,189730555,夜九的新生,https://qidian.qpic.cn/qd_face/349573/8876191/100,39,就是怕肾击！！！[fn=32],1,2019-06-29 23:22:59,1561821779,2024-04-05 03:52:20,0,,0,0,,2,22,0,False,False,False,False,False,4,,,362369423891496960,0,广东
307106005710340096,4475087004578503,13520171919794215,120001043663,231080787,无头喵骑士,https://qidian.qpic.cn/qd_face/349573/6148923/100,39,战士的精髓：冲释 德爹给我刷个buff冲释,1,2019-01-28 11:25:53,1548645953,2024-05-02 11:56:10,0,,0,0,,2,24,0,False,False,False,False,False,3,,,307106005710340096,1,澳大利亚
188013670029131776,4475087004578503,13520171919794215,800157783225,157783225,不羁者郁离,https://qidian.qpic.cn/qd_face/349573/5397531/100,39,天堂向左，战士向右。,1,2018-03-05 20:15:28,1520252128,2023-01-20 19:10:20,0,,0,0,,2,37,0,False,False,False,False,False,2,,,188013670029131776,0,辽宁
124270030820147200,4475087004578503,13520171919794215,854001707444,230121040,这次我熟练了,https://qidian.qpic.cn/qd_face/349573/268/100,39,没错，战（mang）士（fu）,1,2017-09-10 22:41:00,1505054460,2024-03-16 20:32:59,0,,0,0,,2,79,0,False,False,False,False,False,1,,,124270030820147200,0,
898269478508101632,4475087004578503,13520171919794215,854055871017,399147658,是chaochao酱呀,https://qidian.gtimg.com/qd/images/ico/default_user.0.2.png,41,哈哈哈哈哈哈,1,2023-07-17 18:38:29,1689590309,2023-10-04 18:35:33,0,,0,0,,2,1,0,False,False,False,False,False,11,,,898269478508101632,0,重庆
583375878772490240,4475087004578503,13520171919794215,800131424124,131424124,Heii,https://qidian.qpic.cn/qd_face/349573/1925763/100,41,我也喜欢这么挥手再见。。灌篮高手学的[fn=32],1,2021-02-28 20:03:44,1614513824,2024-05-03 16:24:44,0,,0,0,,2,24,0,False,False,False,False,False,9,,,583375878772490240,0,陕西
414853226609967104,4475087004578503,13520171919794215,837668263,304855024,追逐的白云,https://qidian.qpic.cn/qd_face/349573/5154650/100,41,装逼王，我当定了！,1,2019-11-21 19:14:53,1574334893,2024-02-05 09:31:26,0,,0,0,,2,20,0,False,False,False,False,False,8,,,414853226609967104,0,未知
405754463257821184,4475087004578503,13520171919794215,137077522,328414489,simonnamikaz,https://qidian.qpic.cn/qd_face/349573/6642104/100,41,抬起手臂（露出光洁无毛的腋下）这就是我的弱点,1,2019-10-27 16:39:38,1572165578,2024-04-02 17:31:27,0,,0,0,,2,19,0,False,False,False,False,False,7,,,405754463257821184,0,未知
371748714387341312,4475087004578503,13520171919794215,2045504354,323953951,出色的舔狗,https://qidian.qpic.cn/qd_face/349573/7280552/100,41,不要停下来啊,1,2019-07-25 20:32:56,1564057976,2022-12-31 20:39:54,0,,0,0,,2,7,0,False,False,False,False,False,6,,,371748714387341312,0,未知
310564594886180864,4475087004578503,13520171919794215,119190413171,195880,光之御子,https://qidian.qpic.cn/qd_face/349573/497201/100,41,这动作好帅,1,2019-02-07 00:29:05,1549470545,2022-12-31 20:39:53,0,,0,0,,2,13,0,False,False,False,False,False,5,,,310564594886180864,0,宁夏回族自治区
223050473693839360,4475087004578503,13520171919794215,800137157517,137157517,Mimanghl,https://qidian.qpic.cn/qd_face/349573/4013072/100,41,然而还是被人暗算而死了,1,2018-06-10 12:39:13,1528605553,2024-04-02 17:32:43,0,,0,0,,2,47,0,False,False,False,False,False,3,,,223050473693839360,2,浙江
171721263608430592,4475087004578503,13520171919794215,800117527027,117527027,挑衅是一种态度,https://qidian.qpic.cn/qd_face/349573/6983192/100,41,这个逼我装定了,1,2018-01-19 21:15:15,1516367715,2023-08-07 12:45:42,0,,0,0,,2,60,0,False,False,False,False,False,2,,,171721263608430592,0,广东
161242671040561152,4475087004578503,13520171919794215,2571318047,212560082,书友150924034156748,https://qidian.qpic.cn/qd_face/349573/122/100,41,够装逼,1,2017-12-21 23:17:04,1513869424,2022-12-31 20:39:51,0,,0,0,,2,65,0,False,False,False,False,False,1,,,161242671040561152,0,山东
